%YAML:1.0
ft object:
   n_connections: 6
   connections 0 0: 2
   connections 0 1: 0
   connections 1 0: 0
   connections 1 1: 4
   connections 2 0: 4
   connections 2 1: 5
   connections 3 0: 5
   connections 3 1: 1
   connections 4 0: 1
   connections 4 1: 0
   connections 5 0: 1
   connections 5 1: 3
   n_symmetry: 6
   symmetry 0: 1
   symmetry 1: 0
   symmetry 2: 3
   symmetry 3: 2
   symmetry 4: 5
   symmetry 5: 4
   n_images: 26
   image 0: "000.png"
   image 1: "001.png"
   image 2: "002.png"
   image 3: "003.png"
   image 4: "004.png"
   image 5: "005.png"
   image 6: "006.png"
   image 7: "007.png"
   image 8: "008.png"
   image 9: "009.png"
   image 10: "010.png"
   image 11: "011.png"
   image 12: "012.png"
   image 13: "013.png"
   image 14: "014.png"
   image 15: "015.png"
   image 16: "016.png"
   image 17: "017.png"
   image 18: "018.png"
   image 19: "019.png"
   image 20: "020.png"
   image 21: "021.png"
   image 22: "022.png"
   image 23: "023.png"
   image 24: "024.png"
   image 25: "025.png"
   shapes: !!opencv-matrix
      rows: 12
      cols: 26
      dt: f
      data: [ 555., 463., 645., 556., 533., 517., 593., 500., 588., 484.,
          640., 498., 550., 637., 545., 538., 446., 627., 448., 622.,
          544., 533., 455., 617., 601., 470., 307., 320., 316., 274.,
          370., 285., 286., 331., 355., 312., 314., 279., 298., 295.,
          322., 383., 358., 365., 319., 320., 275., 364., 375., 381.,
          305., 287., 635., 539., 718., 635., 618., 597., 669., 580.,
          668., 560., 710., 577., 632., 707., 625., 621., 522., 702.,
          518., 695., 623., 614., 534., 691., 678., 539., 312., 322.,
          326., 283., 379., 290., 293., 338., 364., 315., 324., 283.,
          304., 306., 327., 388., 363., 377., 319., 329., 284., 373.,
          380., 387., 320., 296., 505., 426., 600., 506., 481., 472.,
          543., 456., 538., 446., 593., 458., 504., 591., 498., 488.,
          413., 574., 415., 574., 501., 484., 419., 568., 550., 436.,
          301., 316., 308., 269., 359., 283., 279., 326., 346., 307.,
          304., 277., 295., 286., 316., 372., 351., 350., 316., 314.,
          270., 360., 370., 368., 294., 284., 685., 591., 751., 681.,
          670., 646., 713., 635., 717., 608., 745., 624., 683., 744.,
          681., 676., 577., 745., 562., 737., 671., 669., 584., 736.,
          721., 588., 312., 318., 329., 288., 375., 290., 298., 337.,
          364., 314., 329., 282., 308., 313., 331., 386., 358., 379.,
          313., 335., 287., 370., 378., 389., 327., 295., 572., 461.,
          680., 577., 546., 531., 626., 508., 606., 483., 672., 502.,
          571., 671., 558., 553., 446., 641., 440., 648., 562., 543.,
          461., 634., 623., 457., 392., 405., 403., 351., 471., 363.,
          366., 419., 447., 394., 397., 352., 378., 374., 409., 478.,
          451., 459., 401., 406., 347., 462., 474., 477., 387., 362.,
          620., 506., 720., 621., 595., 573., 665., 555., 649., 526.,
          711., 544., 613., 710., 603., 599., 496., 684., 490., 690.,
          602., 597., 503., 679., 663., 495., 395., 405., 407., 354.,
          475., 364., 367., 423., 451., 396., 402., 352., 380., 377.,
          409., 482., 452., 466., 403., 410., 349., 464., 474., 479.,
          393., 364. ]
