%YAML:1.0
ft object:
   fname: "haarcascade_frontalface_alt_tree.xml"
   x offset: -4.7489177086390555e-04
   y offset: -1.8467191606760025e-02
   z offset: 4.8570758104324341e-01
   reference: !!opencv-matrix
      rows: 12
      cols: 1
      dt: f
      data: [ -2.27403253e-01, -1.82153493e-01, 2.32342482e-01,
          -1.39215097e-01, -4.94855613e-01, -2.22856507e-01,
          5.14475346e-01, -1.34139732e-01, -1.42677531e-01,
          3.31424683e-01, 1.18118539e-01, 3.46940130e-01 ]
