%YAML:1.0
ft object:
   detector:
      fname: "haarcascade_frontalface_alt_tree.xml"
      x offset: -4.7489177086390555e-04
      y offset: -1.8467191606760025e-02
      z offset: 4.8570758104324341e-01
      reference: !!opencv-matrix
         rows: 12
         cols: 1
         dt: f
         data: [ -2.27403253e-01, -1.82153493e-01, 2.32342482e-01,
             -1.39215097e-01, -4.94855613e-01, -2.22856507e-01,
             5.14475346e-01, -1.34139732e-01, -1.42677531e-01,
             3.31424683e-01, 1.18118539e-01, 3.46940130e-01 ]
   smodel:
      V: !!opencv-matrix
         rows: 12
         cols: 6
         dt: f
         data: [ -2.27403253e-01, 1.82153493e-01, 4.08248305e-01,
             8.81637818e-10, 8.96457508e-02, -1.65896073e-01,
             -1.82153493e-01, -2.27403253e-01, -7.10988213e-10,
             4.08248305e-01, 1.48460373e-01, 1.25217721e-01,
             2.32342482e-01, 1.39215097e-01, 4.08248305e-01,
             3.14451887e-09, 1.08461045e-01, 1.67659655e-01,
             -1.39215097e-01, 2.32342482e-01, -3.23171623e-09,
             4.08248305e-01, -1.32135376e-01, 1.49999470e-01,
             -4.94855613e-01, 2.22856507e-01, 4.08248305e-01,
             -2.39246567e-10, 3.63212854e-01, -3.62183720e-01,
             -2.22856507e-01, -4.94855613e-01, 5.64108815e-10,
             4.08248305e-01, 3.45325232e-01, 3.15696150e-01,
             5.14475346e-01, 1.34139732e-01, 4.08248305e-01,
             4.79772755e-09, 3.35165709e-01, 4.12389338e-01,
             -1.34139732e-01, 5.14475346e-01, -5.03745889e-09,
             4.08248305e-01, -4.01338875e-01, 3.09520572e-01,
             -1.42677531e-01, -3.31424683e-01, 4.08248305e-01,
             -4.98911401e-09, -4.89984304e-01, 2.24900106e-03,
             3.31424683e-01, -1.42677531e-01, 4.97677144e-09,
             4.08248305e-01, 9.05626565e-02, -4.26290125e-01,
             1.18118539e-01, -3.46940130e-01, 4.08248305e-01,
             -3.59552343e-09, -4.06501085e-01, -5.42183109e-02,
             3.46940130e-01, 1.18118539e-01, 3.43928286e-09,
             4.08248305e-01, -5.08741215e-02, -4.74143833e-01 ]
      e: !!opencv-matrix
         rows: 6
         cols: 1
         dt: f
         data: [ -1., -1., -1., -1., 1.12406090e-02, 2.59940047e-03 ]
      C: !!opencv-matrix
         rows: 6
         cols: 2
         dt: f
         data: [ 2.80259693e-45, 0., 0., 5.60519386e-45, 5.60519386e-45,
             7.00649232e-45, 7.00649232e-45, 1.40129846e-45,
             1.40129846e-45, 0., 1.40129846e-45, 4.20389539e-45 ]
      Y: !!opencv-matrix
         rows: 12
         cols: 26
         dt: f
         data: [ -2.25522220e-01, -2.09314495e-01, -2.34855115e-01,
             -2.39490479e-01, -2.13284105e-01, -2.33385801e-01,
             -2.41565078e-01, -2.24495456e-01, -2.22573027e-01,
             -2.12453246e-01, -2.30881914e-01, -2.27912009e-01,
             -2.45724916e-01, -2.43334010e-01, -2.28715360e-01,
             -2.18733624e-01, -2.19475850e-01, -2.05818847e-01,
             -1.95194468e-01, -2.30030999e-01, -2.52696633e-01,
             -2.15471312e-01, -2.17266858e-01, -2.09449902e-01,
             -2.36890078e-01, -1.99007675e-01, -1.76729783e-01,
             -1.57791212e-01, -2.16785684e-01, -1.80666924e-01,
             -1.80219144e-01, -1.70445293e-01, -1.91872790e-01,
             -1.73716486e-01, -1.85166538e-01, -1.59091547e-01,
             -2.07425937e-01, -1.52864426e-01, -1.77679166e-01,
             -2.06504375e-01, -1.71193495e-01, -1.70872331e-01,
             -1.68897226e-01, -1.87666133e-01, -1.60560712e-01,
             -2.05998793e-01, -1.67622343e-01, -1.90049842e-01,
             -1.83668524e-01, -1.87386692e-01, -1.88338265e-01,
             -1.53544068e-01, 2.31978402e-01, 2.39998445e-01,
             2.09129632e-01, 2.38293618e-01, 2.29141995e-01,
             2.50529915e-01, 2.15957090e-01, 2.30075374e-01,
             2.27114707e-01, 2.49445587e-01, 2.04626307e-01,
             2.67623335e-01, 2.38401115e-01, 2.00547397e-01,
             2.26728186e-01, 2.23832220e-01, 2.15938449e-01,
             2.21298158e-01, 2.42247954e-01, 2.12510183e-01,
             2.45661736e-01, 2.20680892e-01, 2.29164302e-01,
             2.11362585e-01, 2.28597939e-01, 2.49363258e-01,
             -1.32852256e-01, -1.58374637e-01, -1.21070966e-01,
             -1.18348531e-01, -1.35476172e-01, -1.32115304e-01,
             -1.18213937e-01, -1.42291754e-01, -1.33442298e-01,
             -1.60595357e-01, -1.20987497e-01, -1.38437331e-01,
             -1.32057771e-01, -1.12179302e-01, -1.45595253e-01,
             -1.42020807e-01, -1.55282319e-01, -1.34194180e-01,
             -1.67279243e-01, -1.34220481e-01, -1.15887798e-01,
             -1.36976093e-01, -1.66658670e-01, -1.48456424e-01,
             -1.14004478e-01, -1.54246435e-01, -5.10912955e-01,
             -4.28552687e-01, -5.07683098e-01, -5.41954041e-01,
             -4.84079152e-01, -5.05670190e-01, -5.41581690e-01,
             -4.74628538e-01, -5.03580630e-01, -4.44310188e-01,
             -5.22180378e-01, -4.78812575e-01, -5.17353058e-01,
             -5.34420669e-01, -4.96397823e-01, -4.85129476e-01,
             -4.09488201e-01, -5.08908331e-01, -4.01705295e-01,
             -5.20997822e-01, -5.23961365e-01, -4.79397714e-01,
             -4.21089709e-01, -4.87513006e-01, -5.45418084e-01,
             -4.18733984e-01, -2.20628858e-01, -1.75385773e-01,
             -2.87070036e-01, -2.15890557e-01, -2.36174032e-01,
             -1.87086031e-01, -2.54839659e-01, -1.97524101e-01,
             -2.36470699e-01, -1.79575503e-01, -2.86064595e-01,
             -1.60010695e-01, -2.01108351e-01, -2.79817730e-01,
             -2.03660563e-01, -2.30858147e-01, -2.02412069e-01,
             -2.62382060e-01, -1.76140964e-01, -2.53696084e-01,
             -1.96419716e-01, -2.14369386e-01, -2.06774786e-01,
             -2.64545739e-01, -2.43967757e-01, -1.44032434e-01,
             5.18510938e-01, 5.46547294e-01, 4.10548508e-01,
             5.16520679e-01, 4.99570221e-01, 5.47236621e-01,
             4.80448753e-01, 5.41990697e-01, 5.02625585e-01,
             5.40420651e-01, 4.22380418e-01, 5.61980426e-01,
             5.39470673e-01, 4.34764206e-01, 5.45556545e-01,
             5.17238438e-01, 5.29343724e-01, 4.65235412e-01,
             5.16635835e-01, 4.66931999e-01, 5.48306227e-01,
             5.17346084e-01, 5.10983407e-01, 4.67368484e-01,
             4.88264233e-01, 5.61537683e-01, -1.23337090e-01,
             -1.90488979e-01, -8.71483758e-02, -8.35191384e-02,
             -1.57557622e-01, -1.27182335e-01, -6.98302612e-02,
             -1.53662011e-01, -1.32756189e-01, -1.79108575e-01,
             -7.77682737e-02, -1.51030868e-01, -1.02097087e-01,
             -5.47391325e-02, -1.24831066e-01, -1.51241630e-01,
             -1.94693878e-01, -1.31177127e-01, -2.08997369e-01,
             -8.79171863e-02, -1.00007646e-01, -1.50054947e-01,
             -1.85031638e-01, -1.34166494e-01, -8.07606429e-02,
             -2.01961741e-01, -1.44276917e-01, -2.07262754e-01,
             -6.05571121e-02, -1.19837895e-01, -1.43182456e-01,
             -1.56464934e-01, -7.45526627e-02, -1.69995397e-01,
             -1.22653149e-01, -1.97258994e-01, -5.83892800e-02,
             -1.93020672e-01, -1.31447166e-01, -5.29674292e-02,
             -1.51629090e-01, -1.41226709e-01, -2.01162189e-01,
             -1.08355343e-01, -2.37317637e-01, -9.16498452e-02,
             -1.34740785e-01, -1.67075217e-01, -1.69378564e-01,
             -1.18887432e-01, -8.79993439e-02, -2.18797326e-01,
             3.13610762e-01, 3.44691187e-01, 3.34361017e-01,
             2.87955701e-01, 3.44907671e-01, 3.03272724e-01,
             3.06330174e-01, 3.24685127e-01, 3.32371354e-01,
             3.38692993e-01, 3.23835284e-01, 3.03999156e-01,
             2.97960669e-01, 3.10347766e-01, 3.23443204e-01,
             3.36223960e-01, 3.62707466e-01, 3.42041135e-01,
             3.52639645e-01, 3.23855251e-01, 2.84927309e-01,
